0.914232 0.965959
0.891569 0.956810
0.872474 0.948136
0.855917 0.941010
0.842811 0.935537
0.832650 0.931358
0.824278 0.928029
0.817105 0.925304
0.810849 0.923042
0.805349 0.921146
0.800482 0.919546
0.796151 0.918187
0.792280 0.917026
0.788809 0.916029
0.785691 0.915169
0.782885 0.914424
0.780358 0.913777
0.778082 0.913214
0.776031 0.912721
0.774183 0.912291
0.772517 0.911912
0.771016 0.911580
0.769664 0.911287
0.768445 0.911029
0.767347 0.910801
0.766358 0.910599
0.765467 0.910420
0.764664 0.910262
0.763941 0.910121
0.763290 0.909995
0.762704 0.909884
0.762176 0.909785
0.761701 0.909696
0.761273 0.909617
0.760888 0.909547
0.760541 0.909484
0.760228 0.909427
0.759947 0.909377
0.759694 0.909332
0.759465 0.909292
