0.914722 0.964961
0.892394 0.950001
0.873475 0.935613
0.856933 0.922679
0.843860 0.911495
0.833656 0.901857
0.825254 0.893362
0.818053 0.885747
0.811768 0.878866
0.806243 0.872631
0.801360 0.866975
0.797019 0.861841
0.793141 0.857178
0.789666 0.852942
0.786544 0.849094
0.783734 0.845599
0.781203 0.842427
0.778923 0.839550
0.776867 0.836940
0.775013 0.834576
0.773342 0.832435
0.771835 0.830498
0.770476 0.828745
0.769252 0.827160
0.768149 0.825728
0.767155 0.824435
0.766259 0.823267
0.765452 0.822213
0.764725 0.821262
0.764070 0.820404
0.763480 0.819630
0.762949 0.818932
0.762471 0.818303
0.762040 0.817735
0.761652 0.817224
0.761303 0.816763
0.760988 0.816348
0.760705 0.815974
0.760450 0.815637
0.760220 0.815333
