0.912897 0.965144
0.888801 0.955495
0.868271 0.946426
0.850976 0.939203
0.837537 0.933745
0.826972 0.929556
0.818107 0.926207
0.810391 0.923466
0.803571 0.921192
0.797486 0.919289
0.792021 0.917686
0.787093 0.916327
0.782634 0.915168
0.778593 0.914175
0.774928 0.913320
0.771602 0.912582
0.768583 0.911941
0.765845 0.911383
0.763361 0.910897
0.761110 0.910472
0.759070 0.910099
0.757224 0.909771
0.755552 0.909483
0.754041 0.909228
0.752674 0.909004
0.751439 0.908805
0.750324 0.908629
0.749317 0.908472
0.748407 0.908334
0.747587 0.908210
0.746847 0.908100
0.746179 0.908003
0.745577 0.907915
0.745035 0.907837
0.744546 0.907768
0.744105 0.907706
0.743707 0.907650
0.743349 0.907600
0.743026 0.907556
0.742736 0.907516
0.742474 0.907480
0.742238 0.907448
0.742025 0.907420
0.741834 0.907394
0.741661 0.907371
0.741506 0.907350
0.741366 0.907332
0.741240 0.907315
0.741126 0.907300
0.741024 0.907287
0.740932 0.907275
0.740849 0.907264
0.740774 0.907254
0.740707 0.907246
0.740646 0.907238
0.740592 0.907231
0.740543 0.907225
0.740499 0.907219
0.740459 0.907214
0.740423 0.907210
