0.740078
0.704935
0.689127
0.677748
0.668649
0.661055
0.654528
0.648905
0.643971
0.639644
0.635866
0.632464
0.629456
0.626747
0.624354
0.622206
0.620281
0.618548
0.617019
0.615632
0.614361
0.613242
0.612213
0.611310
0.610498
0.609762
0.609101
0.608513
0.607983
0.607503
0.607071
0.606678
0.606323
0.606003
0.605717
0.605457
0.605222
0.605010
0.604821
0.604656
0.604507
0.604372
0.604252
0.604141
0.604045
0.603954
0.603873
0.603801
0.603737
0.603680
