0.913713 0.964357
0.889825 0.948378
0.869385 0.932935
0.852071 0.919189
0.838578 0.907304
0.827900 0.896928
0.818936 0.887653
0.811153 0.879245
0.804289 0.871569
0.798171 0.864537
0.792677 0.858087
0.787720 0.852168
0.783234 0.846738
0.779168 0.841762
0.775480 0.837205
0.772133 0.833039
0.769097 0.829234
0.766343 0.825764
0.763847 0.822603
0.761584 0.819727
0.759535 0.817113
0.757680 0.814739
0.756002 0.812586
0.754485 0.810634
0.753113 0.808867
0.751873 0.807267
0.750754 0.805819
0.749743 0.804511
0.748831 0.803328
0.748008 0.802260
0.747266 0.801295
0.746596 0.800425
0.745992 0.799639
0.745448 0.798930
0.744957 0.798291
0.744515 0.797714
0.744116 0.797194
0.743757 0.796725
0.743434 0.796303
0.743142 0.795922
0.742879 0.795579
0.742643 0.795269
0.742429 0.794990
0.742237 0.794739
0.742064 0.794513
0.741909 0.794309
0.741768 0.794125
0.741642 0.793960
0.741528 0.793811
0.741426 0.793677
0.741333 0.793556
0.741250 0.793447
0.741175 0.793350
0.741108 0.793261
0.741047 0.793182
0.740992 0.793110
0.740943 0.793046
0.740899 0.792988
0.740859 0.792936
0.740823 0.792889
